11111111111111111111111111111111111111111111111111
10000000000000011000000000100001000000000000001001
10000000010000000000000000000000000000100000010001
10000000000000001000000000000001000010001000010001
10010000000000001000000000101010001000000010000001
10010000000000000000100100100000011000000000000001
10000000000001000001000000000000001000000000000001
10000000000000000000000010001100000000001000000001
10000000001000010000000000000000000000000010000001
11000010000000000001000010000000000001010000000001
10001000000000000000010100000000010000100000001001
10000000000000000000000000000100000000100001000001
10100000010010000000010000000001000000100000000001
11000000000000000000001000000000000000000000000001
10010000000000010000000000000000010100000000110001
10000000100000000000100000000000000000000001000001
10000000011000001010000000000000000000000001000001
10010000000000000000000000010000000000000010000001
10000000000100000011001000010000000110000000000001
10000000000010010001000001010000000000001000000001
10000000000000000100100000001100000000000000000001
10000000000000000000000000000000001001000100001101
10000000000100001000000000000000000000010001100101
11000110000010000000000000100000100000010010000001
10001010000100000000000001000001000000000001000001
11000000000000000000000000000001000000000001000001
10000000000000000000001000000000000000000000000001
10100001000100001000000000000000000000000100000001
10000000000000000000000000000000000010100100000001
10000000000000000000000000001000001000001000000001
10000001000000100101000010000000000000100001000011
10001000000000000100000000000100000010000000001001
10010000000000000000000000000010000000000000000001
10000000011001000000100000000000000010000010000101
10000110000000000010000000000000100000100000100001
10000000000000000000011000000000000000000000001001
11000000100100010000000000001000000000100000000001
10010000000010000000000000000110000000011000000001
10000000000000001000000000001001110000100000000001
11000000100000000000000010001000000000000010000001
10000000000101000000000000100000000000000000000001
10000000000000000001000001000000000001000000000001
10000100000000000010000000010000000100101001000011
10000010000000000010000000000000000000000000000001
10000001010000000000101000100100000000000000000001
10001000010000000000000000000000000000000000000001
10000000010000100000000000000000000000000000000001
10001000000000000000110000000000001010000000000001
11001100000000000000001000000010000000000000100011
11111111111111111111111111111111111111111111111111
